f0_,tc,country,inventory,pload,opportunities,requests,bid,prebid,win,postbiderror,clicks,impressions,success_rate,start,completes
2017-07-22,5939459a99107200020b1b0b,VN,858,0,858,244,0,244,604,0,0,0,0.0,0,2
2017-07-22,5939459a99107200020b1b0b,PH,56,0,56,42,21,21,58,0,0,0,0.0,0,0
2017-07-23,5939459a99107200020b1b0b,IL,2,0,0,0,0,0,0,0,0,0,,0,0
2017-07-23,5939459a99107200020b1b0b,KH,0,0,0,0,0,0,0,0,1,1,,1,0
2017-07-23,5939459a99107200020b1b0b,CN,0,0,0,0,0,0,0,0,0,1,,1,0
2017-07-23,5939459a99107200020b1b0b,TH,58805,0,58777,63854,2475,61379,29153,0,266,812,0.0278530511439646,871,365
2017-07-23,5939459a99107200020b1b0b,,0,0,0,0,0,0,0,0,0,0,,0,0
2017-07-23,5939459a99107200020b1b0b,VN,2576439,0,2575392,732983,220141,512842,2062570,0,7617,25357,0.012293885783270385,27142,7114
2017-07-23,5939459a99107200020b1b0b,PH,101440,0,101368,89183,32267,56916,76568,0,6,24,3.1344687075540695E-4,20,5
2017-07-24,5939459a99107200020b1b0b,US,0,0,0,0,0,0,0,0,0,0,,0,0
2017-07-24,5939459a99107200020b1b0b,PH,100869,0,100805,93389,535,92854,7946,0,33,97,0.012207399949660207,79,27
2017-07-24,5939459a99107200020b1b0b,,0,0,0,0,0,0,0,0,0,0,,0,0
2017-07-24,5939459a99107200020b1b0b,TH,262806,0,262699,251748,17948,233800,153171,0,1615,5706,0.037252482519536986,6019,2124
2017-07-24,5939459a99107200020b1b0b,VN,2856129,0,2855174,699309,183922,515387,2339734,0,7194,23808,0.010175515678277958,25633,8225
2017-07-25,5939459a99107200020b1b0b,KR,0,0,0,0,0,0,0,0,0,0,,0,0
2017-07-25,5939459a99107200020b1b0b,IL,7,0,0,0,0,0,0,0,0,0,,0,0
2017-07-25,5939459a99107200020b1b0b,JP,5,0,5,10,0,10,0,0,0,0,,0,0
2017-07-25,5939459a99107200020b1b0b,,0,0,0,0,0,0,0,0,0,0,,2,0
2017-07-25,5939459a99107200020b1b0b,SG,0,0,0,0,0,0,0,0,0,0,,0,0
2017-07-25,5939459a99107200020b1b0b,TH,227316,0,227017,232181,15563,216618,125170,0,1203,4107,0.03281137652792203,4475,1606
2017-07-25,5939459a99107200020b1b0b,PH,99307,0,99302,114115,570,113545,8204,0,17,71,0.008654314968308142,60,15
2017-07-25,5939459a99107200020b1b0b,HK,6,0,0,0,0,0,0,0,0,1,,1,0
2017-07-25,5939459a99107200020b1b0b,VN,2191702,0,2191375,548534,149853,398681,1792702,0,6432,20063,0.01119148637085249,21523,6828
2017-07-26,5939459a99107200020b1b0b,VN,386,0,74,74,2,72,2,0,54,194,97.0,186,49
2017-07-26,5939459a99107200020b1b0b,TH,1156,0,205,411,2,409,2,0,4,25,12.5,15,4
2017-07-26,5939459a99107200020b1b0b,SG,12,0,12,12,0,12,0,0,0,0,,0,0
2017-07-26,5939459a99107200020b1b0b,CN,6,0,0,0,0,0,0,0,0,0,,0,0
2017-07-26,5939459a99107200020b1b0b,EG,1,0,0,0,0,0,0,0,0,0,,0,0
2017-07-26,5939459a99107200020b1b0b,JP,3,0,3,3,0,3,0,0,0,0,,0,0
2017-07-26,5939459a99107200020b1b0b,PH,85176,0,85155,119856,807,119049,4000,0,14,96,0.024,57,13
2017-07-26,5939459a99107200020b1b0b,HK,11,0,0,0,0,0,0,0,0,0,,0,0
2017-07-26,5939459a99107200020b1b0b,US,3,0,3,3,0,3,0,0,0,0,,0,0
2017-07-26,5939459a99107200020b1b0b,,2,0,0,0,0,0,0,0,0,0,,0,0
2017-07-26,5939459a99107200020b1b0b,IE,1,0,0,0,0,0,0,0,0,0,,0,0
